20000101
0.856
0.942
0.928
0.944
0.945
0.942
0.945
0.940
0.945
0.939
0.935
0.940
0.946
0.928
0.939
0.930
0.923
0.903
0.891
0.850
0.887
0.799
0.895
0.949
0.931
0.873
0.918
0.944
0.939
0.983
0.965
0.980
0.983
0.968
0.880
0.851
0.936
0.960
0.953
0.958
0.910
0.883
0.840
0.799
0.763
0.719
0.687
0.806
0.965
0.759
0.710
0.744
0.708
0.685
0.742
0.773
0.716
0.669
0.750
0.625
0.616
0.776
0.813
0.712
0.792
0.573
0.622
0.713
0.734
0.744
0.675
0.710
0.663
0.668
0.690
0.581
0.750
0.777
0.706
0.614
0.652
0.646
0.700
0.699
0.771
0.735
0.684
0.715
0.615
0.747
0.628
0.627
0.700
0.552
0.584
0.631
0.515
0.487
0.485
0.563
0.514
0.642
0.643
0.655
0.576
0.550
0.544
0.511
0.482
0.638
0.758
0.616
0.712
0.713
0.839
0.866
0.790
0.753
0.690
0.625
0.671
0.602
0.619
0.382
0.489
0.499
0.485
0.450
0.418
0.530
0.489
0.450
0.480
0.503
0.529
0.468
0.451
0.378
0.481
0.504
0.418
0.328
0.398
0.400
0.415
0.426
0.386
0.456
0.397
0.428
0.493
0.483
0.530
0.537
0.383
0.371
0.294
0.362
0.348
0.412
0.385
0.398
0.347
0.339
0.311
0.265
0.359
0.312
0.682
0.391
0.327
0.253
0.238
0.281
0.233
0.288
0.308
0.311
0.591
0.255
0.376
0.471
0.370
0.242
0.252
0.204
0.187
0.206
0.271
0.197
0.197
0.362
0.259
0.381
0.570
0.413
0.326
0.540
0.289
0.308
0.443
0.467
0.479
0.344
0.339
0.315
0.244
0.185
0.207
0.310
0.367
0.376
0.525
0.417
0.345
0.314
0.324
0.299
0.330
0.321
0.360
0.384
0.302
0.338
0.322
0.325
0.277
0.299
0.360
0.352
0.289
0.322
0.292
0.280
0.267
0.241
0.284
0.331
0.357
0.522
0.477
0.358
0.320
0.329
0.423
0.469
0.390
0.429
0.774
0.866
0.639
0.483
0.444
0.445
0.653
0.491
0.460
0.488
0.405
0.513
0.671
0.499
0.436
0.497
0.494
0.605
0.852
0.615
0.502
0.503
0.535
0.545
0.632
0.675
0.679
0.730
0.702
0.515
0.528
0.612
0.646
0.652
0.551
0.621
0.678
0.638
0.791
0.723
0.668
0.602
0.662
0.695
0.592
0.533
0.571
0.569
0.603
0.515
0.328
0.461
0.424
0.554
0.595
0.649
0.679
0.699
0.746
0.776
0.808
0.725
0.786
0.784
0.707
0.646
0.649
0.483
0.621
0.785
0.686
0.623
0.581
0.548
0.744
0.761
0.709
0.699
0.748
0.780
0.841
0.832
0.920
0.806
0.652
0.772
0.826
0.771
0.729
0.738
0.771
0.756
0.779
0.901
0.879
0.866
0.708
0.859
0.795
0.854
0.849
0.841
0.788
0.659
0.720
0.798
0.710
0.679
0.676
0.661
0.533
0.525
0.693
0.910
0.886
0.914
0.893
0.722
0.900
