20000101
0.863
0.941
0.936
0.949
0.951
0.948
0.951
0.944
0.946
0.936
0.937
0.939
0.939
0.928
0.935
0.932
0.914
0.898
0.897
0.856
0.877
0.779
0.889
0.950
0.918
0.883
0.926
0.949
0.945
0.982
0.967
0.982
0.986
0.974
0.882
0.851
0.938
0.962
0.958
0.961
0.925
0.882
0.858
0.797
0.767
0.724
0.693
0.818
0.962
0.766
0.701
0.744
0.693
0.667
0.715
0.775
0.727
0.667
0.733
0.613
0.611
0.769
0.805
0.714
0.807
0.600
0.616
0.718
0.739
0.767
0.676
0.726
0.661
0.644
0.688
0.651
0.764
0.774
0.697
0.616
0.671
0.642
0.691
0.693
0.770
0.730
0.679
0.707
0.622
0.738
0.634
0.617
0.694
0.557
0.578
0.630
0.502
0.476
0.467
0.536
0.516
0.627
0.640
0.655
0.560
0.559
0.544
0.518
0.503
0.669
0.802
0.657
0.722
0.750
0.850
0.871
0.812
0.767
0.706
0.641
0.666
0.587
0.607
0.391
0.476
0.464
0.480
0.464
0.415
0.514
0.489
0.450
0.472
0.462
0.532
0.444
0.458
0.387
0.473
0.516
0.422
0.323
0.367
0.406
0.436
0.413
0.378
0.461
0.411
0.442
0.479
0.471
0.508
0.495
0.340
0.329
0.282
0.318
0.333
0.407
0.374
0.401
0.355
0.343
0.288
0.273
0.364
0.311
0.653
0.390
0.318
0.244
0.235
0.283
0.243
0.316
0.334
0.327
0.582
0.262
0.369
0.483
0.358
0.234
0.243
0.201
0.184
0.201
0.267
0.204
0.190
0.333
0.273
0.369
0.543
0.422
0.319
0.545
0.292
0.305
0.450
0.488
0.470
0.339
0.341
0.310
0.236
0.184
0.205
0.313
0.362
0.343
0.506
0.406
0.327
0.300
0.330
0.313
0.345
0.337
0.373
0.385
0.293
0.343
0.331
0.329
0.278
0.307
0.363
0.340
0.296
0.324
0.281
0.278
0.277
0.235
0.296
0.339
0.378
0.538
0.483
0.352
0.310
0.325
0.442
0.464
0.374
0.413
0.767
0.868
0.652
0.476
0.442
0.430
0.674
0.482
0.463
0.479
0.418
0.506
0.681
0.506
0.440
0.476
0.479
0.603
0.860
0.615
0.476
0.468
0.527
0.520
0.635
0.679
0.680
0.729
0.693
0.528
0.549
0.629
0.671
0.662
0.550
0.611
0.669
0.645
0.790
0.718
0.659
0.608
0.678
0.695
0.593
0.523
0.554
0.564
0.603
0.518
0.331
0.429
0.375
0.552
0.561
0.623
0.638
0.713
0.776
0.775
0.817
0.733
0.761
0.795
0.693
0.634
0.641
0.482
0.615
0.770
0.667
0.585
0.542
0.547
0.770
0.765
0.724
0.684
0.724
0.764
0.800
0.833
0.926
0.820
0.640
0.755
0.829
0.753
0.728
0.734
0.772
0.736
0.759
0.897
0.877
0.853
0.702
0.877
0.810
0.850
0.849
0.829
0.777
0.635
0.677
0.777
0.670
0.592
0.595
0.629
0.494
0.478
0.658
0.905
0.863
0.909
0.870
0.692
0.888
